{"asset":{"version":"2.0","generator":"pv2gltf","copyright":""},"samplers":[{"magFilter":9729,"minFilter":9986,"wrapS":10497,"wrapT":10497}],"materials":[{"name":"__pv_default_material_0__","pbrMetallicRoughness":{"baseColorFactor":[0.6800000071525574,0.6800000071525574,0.6800000071525574,1.0],"metallicFactor":0.5,"roughnessFactor":0.5},"doubleSided":true}],"buffers":[{"uri":"Parrot_Bebop_Drone.bin","byteLength":1280},{"uri":"Parrot_Bebop_Drone_2.bin","byteLength":12984},{"uri":"Parrot_Bebop_Drone_3.bin","byteLength":4112},{"uri":"Parrot_Bebop_Drone_4.bin","byteLength":4112},{"uri":"Parrot_Bebop_Drone_5.bin","byteLength":7248},{"uri":"Parrot_Bebop_Drone_6.bin","byteLength":24880},{"uri":"Parrot_Bebop_Drone_7.bin","byteLength":12608},{"uri":"Parrot_Bebop_Drone_8.bin","byteLength":4112},{"uri":"Parrot_Bebop_Drone_9.bin","byteLength":4112},{"uri":"Parrot_Bebop_Drone_10.bin","byteLength":31520},{"uri":"Parrot_Bebop_Drone_11.bin","byteLength":13648},{"uri":"Parrot_Bebop_Drone_12.bin","byteLength":13648},{"uri":"Parrot_Bebop_Drone_13.bin","byteLength":13648},{"uri":"Parrot_Bebop_Drone_14.bin","byteLength":4112},{"uri":"Parrot_Bebop_Drone_15.bin","byteLength":4112},{"uri":"Parrot_Bebop_Drone_16.bin","byteLength":7248},{"uri":"Parrot_Bebop_Drone_17.bin","byteLength":24880},{"uri":"Parrot_Bebop_Drone_18.bin","byteLength":12608},{"uri":"Parrot_Bebop_Drone_19.bin","byteLength":4112},{"uri":"Parrot_Bebop_Drone_20.bin","byteLength":4112},{"uri":"Parrot_Bebop_Drone_21.bin","byteLength":31520},{"uri":"Parrot_Bebop_Drone_22.bin","byteLength":13648},{"uri":"Parrot_Bebop_Drone_23.bin","byteLength":13648},{"uri":"Parrot_Bebop_Drone_24.bin","byteLength":13648},{"uri":"Parrot_Bebop_Drone_25.bin","byteLength":145152},{"uri":"Parrot_Bebop_Drone_26.bin","byteLength":125160},{"uri":"Parrot_Bebop_Drone_27.bin","byteLength":696}],"bufferViews":[{"buffer":0,"byteOffset":0,"byteLength":816,"byteStride":12,"target":34962},{"buffer":0,"byteOffset":816,"byteLength":272,"byteStride":8,"target":34962},{"buffer":0,"byteOffset":1088,"byteLength":192,"target":34963},{"buffer":1,"byteOffset":0,"byteLength":8064,"byteStride":12,"target":34962},{"buffer":1,"byteOffset":8064,"byteLength":2688,"byteStride":8,"target":34962},{"buffer":1,"byteOffset":10752,"byteLength":2232,"target":34963},{"buffer":2,"byteOffset":0,"byteLength":2688,"byteStride":12,"target":34962},{"buffer":2,"byteOffset":2688,"byteLength":896,"byteStride":8,"target":34962},{"buffer":2,"byteOffset":3584,"byteLength":528,"target":34963},{"buffer":3,"byteOffset":0,"byteLength":2688,"byteStride":12,"target":34962},{"buffer":3,"byteOffset":2688,"byteLength":896,"byteStride":8,"target":34962},{"buffer":3,"byteOffset":3584,"byteLength":528,"target":34963},{"buffer":4,"byteOffset":0,"byteLength":4608,"byteStride":12,"target":34962},{"buffer":4,"byteOffset":4608,"byteLength":1536,"byteStride":8,"target":34962},{"buffer":4,"byteOffset":6144,"byteLength":1104,"target":34963},{"buffer":5,"byteOffset":0,"byteLength":16320,"byteStride":12,"target":34962},{"buffer":5,"byteOffset":16320,"byteLength":5440,"byteStride":8,"target":34962},{"buffer":5,"byteOffset":21760,"byteLength":3120,"target":34963},{"buffer":6,"byteOffset":0,"byteLength":7296,"byteStride":12,"target":34962},{"buffer":6,"byteOffset":7296,"byteLength":2432,"byteStride":8,"target":34962},{"buffer":6,"byteOffset":9728,"byteLength":2880,"target":34963},{"buffer":7,"byteOffset":0,"byteLength":2688,"byteStride":12,"target":34962},{"buffer":7,"byteOffset":2688,"byteLength":896,"byteStride":8,"target":34962},{"buffer":7,"byteOffset":3584,"byteLength":528,"target":34963},{"buffer":8,"byteOffset":0,"byteLength":2688,"byteStride":12,"target":34962},{"buffer":8,"byteOffset":2688,"byteLength":896,"byteStride":8,"target":34962},{"buffer":8,"byteOffset":3584,"byteLength":528,"target":34963},{"buffer":9,"byteOffset":0,"byteLength":21120,"byteStride":12,"target":34962},{"buffer":9,"byteOffset":21120,"byteLength":7040,"byteStride":8,"target":34962},{"buffer":9,"byteOffset":28160,"byteLength":3360,"target":34963},{"buffer":10,"byteOffset":0,"byteLength":8256,"byteStride":12,"target":34962},{"buffer":10,"byteOffset":8256,"byteLength":2752,"byteStride":8,"target":34962},{"buffer":10,"byteOffset":11008,"byteLength":2640,"target":34963},{"buffer":11,"byteOffset":0,"byteLength":8256,"byteStride":12,"target":34962},{"buffer":11,"byteOffset":8256,"byteLength":2752,"byteStride":8,"target":34962},{"buffer":11,"byteOffset":11008,"byteLength":2640,"target":34963},{"buffer":12,"byteOffset":0,"byteLength":8256,"byteStride":12,"target":34962},{"buffer":12,"byteOffset":8256,"byteLength":2752,"byteStride":8,"target":34962},{"buffer":12,"byteOffset":11008,"byteLength":2640,"target":34963},{"buffer":13,"byteOffset":0,"byteLength":2688,"byteStride":12,"target":34962},{"buffer":13,"byteOffset":2688,"byteLength":896,"byteStride":8,"target":34962},{"buffer":13,"byteOffset":3584,"byteLength":528,"target":34963},{"buffer":14,"byteOffset":0,"byteLength":2688,"byteStride":12,"target":34962},{"buffer":14,"byteOffset":2688,"byteLength":896,"byteStride":8,"target":34962},{"buffer":14,"byteOffset":3584,"byteLength":528,"target":34963},{"buffer":15,"byteOffset":0,"byteLength":4608,"byteStride":12,"target":34962},{"buffer":15,"byteOffset":4608,"byteLength":1536,"byteStride":8,"target":34962},{"buffer":15,"byteOffset":6144,"byteLength":1104,"target":34963},{"buffer":16,"byteOffset":0,"byteLength":16320,"byteStride":12,"target":34962},{"buffer":16,"byteOffset":16320,"byteLength":5440,"byteStride":8,"target":34962},{"buffer":16,"byteOffset":21760,"byteLength":3120,"target":34963},{"buffer":17,"byteOffset":0,"byteLength":7296,"byteStride":12,"target":34962},{"buffer":17,"byteOffset":7296,"byteLength":2432,"byteStride":8,"target":34962},{"buffer":17,"byteOffset":9728,"byteLength":2880,"target":34963},{"buffer":18,"byteOffset":0,"byteLength":2688,"byteStride":12,"target":34962},{"buffer":18,"byteOffset":2688,"byteLength":896,"byteStride":8,"target":34962},{"buffer":18,"byteOffset":3584,"byteLength":528,"target":34963},{"buffer":19,"byteOffset":0,"byteLength":2688,"byteStride":12,"target":34962},{"buffer":19,"byteOffset":2688,"byteLength":896,"byteStride":8,"target":34962},{"buffer":19,"byteOffset":3584,"byteLength":528,"target":34963},{"buffer":20,"byteOffset":0,"byteLength":21120,"byteStride":12,"target":34962},{"buffer":20,"byteOffset":21120,"byteLength":7040,"byteStride":8,"target":34962},{"buffer":20,"byteOffset":28160,"byteLength":3360,"target":34963},{"buffer":21,"byteOffset":0,"byteLength":8256,"byteStride":12,"target":34962},{"buffer":21,"byteOffset":8256,"byteLength":2752,"byteStride":8,"target":34962},{"buffer":21,"byteOffset":11008,"byteLength":2640,"target":34963},{"buffer":22,"byteOffset":0,"byteLength":8256,"byteStride":12,"target":34962},{"buffer":22,"byteOffset":8256,"byteLength":2752,"byteStride":8,"target":34962},{"buffer":22,"byteOffset":11008,"byteLength":2640,"target":34963},{"buffer":23,"byteOffset":0,"byteLength":8256,"byteStride":12,"target":34962},{"buffer":23,"byteOffset":8256,"byteLength":2752,"byteStride":8,"target":34962},{"buffer":23,"byteOffset":11008,"byteLength":2640,"target":34963},{"buffer":24,"byteOffset":0,"byteLength":82368,"byteStride":12,"target":34962},{"buffer":24,"byteOffset":82368,"byteLength":27456,"byteStride":8,"target":34962},{"buffer":24,"byteOffset":109824,"byteLength":35328,"target":34963},{"buffer":25,"byteOffset":0,"byteLength":72936,"byteStride":12,"target":34962},{"buffer":25,"byteOffset":72936,"byteLength":24312,"byteStride":8,"target":34962},{"buffer":25,"byteOffset":97248,"byteLength":27912,"target":34963},{"buffer":26,"byteOffset":0,"byteLength":432,"byteStride":12,"target":34962},{"buffer":26,"byteOffset":432,"byteLength":144,"byteStride":8,"target":34962},{"buffer":26,"byteOffset":576,"byteLength":120,"target":34963}],"accessors":[{"bufferView":0,"byteOffset":0,"componentType":5126,"count":34,"type":"VEC3","min":[-11.144843101501465,-4.0377583503723148,-24.463895797729493],"max":[208.87515258789063,39.34886169433594,34.46358871459961]},{"bufferView":0,"byteOffset":408,"componentType":5126,"count":34,"type":"VEC3"},{"bufferView":1,"byteOffset":0,"componentType":5126,"count":34,"type":"VEC2"},{"bufferView":2,"byteOffset":0,"componentType":5123,"count":96,"type":"SCALAR"},{"bufferView":3,"byteOffset":0,"componentType":5126,"count":336,"type":"VEC3","min":[-0.030368832871317865,-0.46831557154655459,-0.06891755759716034],"max":[0.7024297118186951,0.008389580994844437,1.117451548576355]},{"bufferView":3,"byteOffset":4032,"componentType":5126,"count":336,"type":"VEC3"},{"bufferView":4,"byteOffset":0,"componentType":5126,"count":336,"type":"VEC2"},{"bufferView":5,"byteOffset":0,"componentType":5123,"count":1116,"type":"SCALAR"},{"bufferView":6,"byteOffset":0,"componentType":5126,"count":112,"type":"VEC3","min":[-3.911691904067993,-0.07512375712394715,-0.4693581759929657],"max":[0.9796505570411682,0.07512375712394715,0.5215486884117127]},{"bufferView":6,"byteOffset":1344,"componentType":5126,"count":112,"type":"VEC3"},{"bufferView":7,"byteOffset":0,"componentType":5126,"count":112,"type":"VEC2"},{"bufferView":8,"byteOffset":0,"componentType":5123,"count":264,"type":"SCALAR"},{"bufferView":9,"byteOffset":0,"componentType":5126,"count":112,"type":"VEC3","min":[-3.911691904067993,-0.07512375712394715,-0.38595104217529299],"max":[0.9796505570411682,0.07512375712394715,0.24352483451366425]},{"bufferView":9,"byteOffset":1344,"componentType":5126,"count":112,"type":"VEC3"},{"bufferView":10,"byteOffset":0,"componentType":5126,"count":112,"type":"VEC2"},{"bufferView":11,"byteOffset":0,"componentType":5123,"count":264,"type":"SCALAR"},{"bufferView":12,"byteOffset":0,"componentType":5126,"count":192,"type":"VEC3","min":[-4.945831298828125,-0.13251112401485444,-0.16653421521186829],"max":[0.16692334413528443,0.13251112401485444,0.16653421521186829]},{"bufferView":12,"byteOffset":2304,"componentType":5126,"count":192,"type":"VEC3"},{"bufferView":13,"byteOffset":0,"componentType":5126,"count":192,"type":"VEC2"},{"bufferView":14,"byteOffset":0,"componentType":5123,"count":552,"type":"SCALAR"},{"bufferView":15,"byteOffset":0,"componentType":5126,"count":680,"type":"VEC3","min":[-4.792819499969482,-0.3126159906387329,-0.09773023426532746],"max":[0.21540726721286775,0.1650257110595703,0.09773053973913193]},{"bufferView":15,"byteOffset":8160,"componentType":5126,"count":680,"type":"VEC3"},{"bufferView":16,"byteOffset":0,"componentType":5126,"count":680,"type":"VEC2"},{"bufferView":17,"byteOffset":0,"componentType":5123,"count":1560,"type":"SCALAR"},{"bufferView":18,"byteOffset":0,"componentType":5126,"count":304,"type":"VEC3","min":[-4.8277740478515629,-0.045117754489183429,-0.029536856338381769],"max":[0.03105689026415348,0.045117754489183429,0.029536856338381769]},{"bufferView":18,"byteOffset":3648,"componentType":5126,"count":304,"type":"VEC3"},{"bufferView":19,"byteOffset":0,"componentType":5126,"count":304,"type":"VEC2"},{"bufferView":20,"byteOffset":0,"componentType":5123,"count":1440,"type":"SCALAR"},{"bufferView":21,"byteOffset":0,"componentType":5126,"count":112,"type":"VEC3","min":[-7.1684250831604,-0.05446688085794449,-0.013908058404922486],"max":[0.9452052116394043,0.05446688085794449,3.056044578552246]},{"bufferView":21,"byteOffset":1344,"componentType":5126,"count":112,"type":"VEC3"},{"bufferView":22,"byteOffset":0,"componentType":5126,"count":112,"type":"VEC2"},{"bufferView":23,"byteOffset":0,"componentType":5123,"count":264,"type":"SCALAR"},{"bufferView":24,"byteOffset":0,"componentType":5126,"count":112,"type":"VEC3","min":[-7.072930335998535,-0.05446688085794449,-0.10395945608615875],"max":[0.9447343349456787,0.05446688085794449,2.958631753921509]},{"bufferView":24,"byteOffset":1344,"componentType":5126,"count":112,"type":"VEC3"},{"bufferView":25,"byteOffset":0,"componentType":5126,"count":112,"type":"VEC2"},{"bufferView":26,"byteOffset":0,"componentType":5123,"count":264,"type":"SCALAR"},{"bufferView":27,"byteOffset":0,"componentType":5126,"count":880,"type":"VEC3","min":[-4.94402551651001,-0.027476880699396135,-0.16315503418445588],"max":[0.1673508584499359,0.16895386576652528,0.16315503418445588]},{"bufferView":27,"byteOffset":10560,"componentType":5126,"count":880,"type":"VEC3"},{"bufferView":28,"byteOffset":0,"componentType":5126,"count":880,"type":"VEC2"},{"bufferView":29,"byteOffset":0,"componentType":5123,"count":1680,"type":"SCALAR"},{"bufferView":30,"byteOffset":0,"componentType":5126,"count":344,"type":"VEC3","min":[-5.451338291168213,-0.06651335209608078,-0.700623631477356],"max":[0.18884721398353578,0.0565468966960907,2.11496901512146]},{"bufferView":30,"byteOffset":4128,"componentType":5126,"count":344,"type":"VEC3"},{"bufferView":31,"byteOffset":0,"componentType":5126,"count":344,"type":"VEC2"},{"bufferView":32,"byteOffset":0,"componentType":5123,"count":1320,"type":"SCALAR"},{"bufferView":33,"byteOffset":0,"componentType":5126,"count":344,"type":"VEC3","min":[-0.18657895922660829,-0.06651335209608078,-0.700623631477356],"max":[4.927525520324707,0.0565468966960907,4.207469463348389]},{"bufferView":33,"byteOffset":4128,"componentType":5126,"count":344,"type":"VEC3"},{"bufferView":34,"byteOffset":0,"componentType":5126,"count":344,"type":"VEC2"},{"bufferView":35,"byteOffset":0,"componentType":5123,"count":1320,"type":"SCALAR"},{"bufferView":36,"byteOffset":0,"componentType":5126,"count":344,"type":"VEC3","min":[-0.18657895922660829,-0.06651335209608078,-3.8032689094543459],"max":[1.1753895282745362,0.0565468966960907,0.700623631477356]},{"bufferView":36,"byteOffset":4128,"componentType":5126,"count":344,"type":"VEC3"},{"bufferView":37,"byteOffset":0,"componentType":5126,"count":344,"type":"VEC2"},{"bufferView":38,"byteOffset":0,"componentType":5123,"count":1320,"type":"SCALAR"},{"bufferView":39,"byteOffset":0,"componentType":5126,"count":112,"type":"VEC3","min":[-3.737297296524048,-0.07512375712394715,-0.4693581759929657],"max":[0.9796505570411682,0.07512375712394715,0.5215486884117127]},{"bufferView":39,"byteOffset":1344,"componentType":5126,"count":112,"type":"VEC3"},{"bufferView":40,"byteOffset":0,"componentType":5126,"count":112,"type":"VEC2"},{"bufferView":41,"byteOffset":0,"componentType":5123,"count":264,"type":"SCALAR"},{"bufferView":42,"byteOffset":0,"componentType":5126,"count":112,"type":"VEC3","min":[-3.737297296524048,-0.07512375712394715,-0.38595104217529299],"max":[0.9796505570411682,0.07512375712394715,0.24352483451366425]},{"bufferView":42,"byteOffset":1344,"componentType":5126,"count":112,"type":"VEC3"},{"bufferView":43,"byteOffset":0,"componentType":5126,"count":112,"type":"VEC2"},{"bufferView":44,"byteOffset":0,"componentType":5123,"count":264,"type":"SCALAR"},{"bufferView":45,"byteOffset":0,"componentType":5126,"count":192,"type":"VEC3","min":[-4.77143669128418,-0.13251112401485444,-0.16653421521186829],"max":[0.16692334413528443,0.13251112401485444,0.16653421521186829]},{"bufferView":45,"byteOffset":2304,"componentType":5126,"count":192,"type":"VEC3"},{"bufferView":46,"byteOffset":0,"componentType":5126,"count":192,"type":"VEC2"},{"bufferView":47,"byteOffset":0,"componentType":5123,"count":552,"type":"SCALAR"},{"bufferView":48,"byteOffset":0,"componentType":5126,"count":680,"type":"VEC3","min":[-4.618425369262695,-0.3126159906387329,-0.09773023426532746],"max":[0.21540726721286775,0.1650257110595703,0.09773053973913193]},{"bufferView":48,"byteOffset":8160,"componentType":5126,"count":680,"type":"VEC3"},{"bufferView":49,"byteOffset":0,"componentType":5126,"count":680,"type":"VEC2"},{"bufferView":50,"byteOffset":0,"componentType":5123,"count":1560,"type":"SCALAR"},{"bufferView":51,"byteOffset":0,"componentType":5126,"count":304,"type":"VEC3","min":[-4.653379917144775,-0.045117754489183429,-0.029536856338381769],"max":[0.03105689026415348,0.045117754489183429,0.029536856338381769]},{"bufferView":51,"byteOffset":3648,"componentType":5126,"count":304,"type":"VEC3"},{"bufferView":52,"byteOffset":0,"componentType":5126,"count":304,"type":"VEC2"},{"bufferView":53,"byteOffset":0,"componentType":5123,"count":1440,"type":"SCALAR"},{"bufferView":54,"byteOffset":0,"componentType":5126,"count":112,"type":"VEC3","min":[-7.005141258239746,-0.05446688085794449,-0.013908058404922486],"max":[0.9452052116394043,0.05446688085794449,2.9947922229766847]},{"bufferView":54,"byteOffset":1344,"componentType":5126,"count":112,"type":"VEC3"},{"bufferView":55,"byteOffset":0,"componentType":5126,"count":112,"type":"VEC2"},{"bufferView":56,"byteOffset":0,"componentType":5123,"count":264,"type":"SCALAR"},{"bufferView":57,"byteOffset":0,"componentType":5126,"count":112,"type":"VEC3","min":[-6.9098076820373539,-0.05446688085794449,-0.10395945608615875],"max":[0.9447343349456787,0.05446688085794449,2.896951198577881]},{"bufferView":57,"byteOffset":1344,"componentType":5126,"count":112,"type":"VEC3"},{"bufferView":58,"byteOffset":0,"componentType":5126,"count":112,"type":"VEC2"},{"bufferView":59,"byteOffset":0,"componentType":5123,"count":264,"type":"SCALAR"},{"bufferView":60,"byteOffset":0,"componentType":5126,"count":880,"type":"VEC3","min":[-4.769631385803223,-0.027476880699396135,-0.16315503418445588],"max":[0.1673508584499359,0.16895386576652528,0.16315503418445588]},{"bufferView":60,"byteOffset":10560,"componentType":5126,"count":880,"type":"VEC3"},{"bufferView":61,"byteOffset":0,"componentType":5126,"count":880,"type":"VEC2"},{"bufferView":62,"byteOffset":0,"componentType":5123,"count":1680,"type":"SCALAR"},{"bufferView":63,"byteOffset":0,"componentType":5126,"count":344,"type":"VEC3","min":[-5.284046649932861,-0.06651335209608078,-0.700623631477356],"max":[0.18884721398353578,0.0565468966960907,2.0657052993774416]},{"bufferView":63,"byteOffset":4128,"componentType":5126,"count":344,"type":"VEC3"},{"bufferView":64,"byteOffset":0,"componentType":5126,"count":344,"type":"VEC2"},{"bufferView":65,"byteOffset":0,"componentType":5123,"count":1320,"type":"SCALAR"},{"bufferView":66,"byteOffset":0,"componentType":5126,"count":344,"type":"VEC3","min":[-0.18657895922660829,-0.06651335209608078,-0.700623631477356],"max":[4.801215648651123,0.0565468966960907,4.087222576141357]},{"bufferView":66,"byteOffset":4128,"componentType":5126,"count":344,"type":"VEC3"},{"bufferView":67,"byteOffset":0,"componentType":5126,"count":344,"type":"VEC2"},{"bufferView":68,"byteOffset":0,"componentType":5123,"count":1320,"type":"SCALAR"},{"bufferView":69,"byteOffset":0,"componentType":5126,"count":344,"type":"VEC3","min":[-0.18657895922660829,-0.06651335209608078,-3.633758068084717],"max":[1.134407639503479,0.0565468966960907,0.700623631477356]},{"bufferView":69,"byteOffset":4128,"componentType":5126,"count":344,"type":"VEC3"},{"bufferView":70,"byteOffset":0,"componentType":5126,"count":344,"type":"VEC2"},{"bufferView":71,"byteOffset":0,"componentType":5123,"count":1320,"type":"SCALAR"},{"bufferView":72,"byteOffset":0,"componentType":5126,"count":3432,"type":"VEC3","min":[-8.61245346069336,-0.36830753087997439,-3.903282403945923],"max":[0.4083299934864044,0.36830753087997439,3.8889927864074709]},{"bufferView":72,"byteOffset":41184,"componentType":5126,"count":3432,"type":"VEC3"},{"bufferView":73,"byteOffset":0,"componentType":5126,"count":3432,"type":"VEC2"},{"bufferView":74,"byteOffset":0,"componentType":5123,"count":17664,"type":"SCALAR"},{"bufferView":75,"byteOffset":0,"componentType":5126,"count":3039,"type":"VEC3","min":[-0.6638764142990112,-0.5827294588088989,-2.166701555252075],"max":[0.6453405022621155,0.6684246063232422,2.0757129192352297]},{"bufferView":75,"byteOffset":36468,"componentType":5126,"count":3039,"type":"VEC3"},{"bufferView":76,"byteOffset":0,"componentType":5126,"count":3039,"type":"VEC2"},{"bufferView":77,"byteOffset":0,"componentType":5123,"count":13956,"type":"SCALAR"},{"bufferView":78,"byteOffset":0,"componentType":5126,"count":18,"type":"VEC3","min":[-0.5958600640296936,0.06758987903594971,0.13600924611091615],"max":[-0.4883844554424286,0.38459062576293948,0.9586482048034668]},{"bufferView":78,"byteOffset":216,"componentType":5126,"count":18,"type":"VEC3"},{"bufferView":79,"byteOffset":0,"componentType":5126,"count":18,"type":"VEC2"},{"bufferView":80,"byteOffset":0,"componentType":5123,"count":60,"type":"SCALAR"}],"meshes":[{"name":"Extrusión","primitives":[{"attributes":{"NORMAL":1,"POSITION":0,"TEXCOORD_0":2},"indices":3,"mode":4,"material":0}]},{"name":"Cubo","primitives":[{"attributes":{"NORMAL":5,"POSITION":4,"TEXCOORD_0":6},"indices":7,"mode":4,"material":0}]},{"name":"Cubo_2","primitives":[{"attributes":{"NORMAL":9,"POSITION":8,"TEXCOORD_0":10},"indices":11,"mode":4,"material":0}]},{"name":"Cubo_1","primitives":[{"attributes":{"NORMAL":13,"POSITION":12,"TEXCOORD_0":14},"indices":15,"mode":4,"material":0}]},{"name":"Cilindro","primitives":[{"attributes":{"NORMAL":17,"POSITION":16,"TEXCOORD_0":18},"indices":19,"mode":4,"material":0}]},{"name":"Cubo_3","primitives":[{"attributes":{"NORMAL":21,"POSITION":20,"TEXCOORD_0":22},"indices":23,"mode":4,"material":0}]},{"name":"Cápsula","primitives":[{"attributes":{"NORMAL":25,"POSITION":24,"TEXCOORD_0":26},"indices":27,"mode":4,"material":0}]},{"name":"Cubo_4","primitives":[{"attributes":{"NORMAL":29,"POSITION":28,"TEXCOORD_0":30},"indices":31,"mode":4,"material":0}]},{"name":"Cubo_1_2","primitives":[{"attributes":{"NORMAL":33,"POSITION":32,"TEXCOORD_0":34},"indices":35,"mode":4,"material":0}]},{"name":"Cilindro_2","primitives":[{"attributes":{"NORMAL":37,"POSITION":36,"TEXCOORD_0":38},"indices":39,"mode":4,"material":0}]},{"name":"Cubo_3_2","primitives":[{"attributes":{"NORMAL":41,"POSITION":40,"TEXCOORD_0":42},"indices":43,"mode":4,"material":0}]},{"name":"Cubo_2_2","primitives":[{"attributes":{"NORMAL":45,"POSITION":44,"TEXCOORD_0":46},"indices":47,"mode":4,"material":0}]},{"name":"Cubo_1_4","primitives":[{"attributes":{"NORMAL":49,"POSITION":48,"TEXCOORD_0":50},"indices":51,"mode":4,"material":0}]},{"name":"Cubo_5","primitives":[{"attributes":{"NORMAL":53,"POSITION":52,"TEXCOORD_0":54},"indices":55,"mode":4,"material":0}]},{"name":"Cubo_1_5","primitives":[{"attributes":{"NORMAL":57,"POSITION":56,"TEXCOORD_0":58},"indices":59,"mode":4,"material":0}]},{"name":"Cilindro_3","primitives":[{"attributes":{"NORMAL":61,"POSITION":60,"TEXCOORD_0":62},"indices":63,"mode":4,"material":0}]},{"name":"Cubo_6","primitives":[{"attributes":{"NORMAL":65,"POSITION":64,"TEXCOORD_0":66},"indices":67,"mode":4,"material":0}]},{"name":"Cápsula_2","primitives":[{"attributes":{"NORMAL":69,"POSITION":68,"TEXCOORD_0":70},"indices":71,"mode":4,"material":0}]},{"name":"Cubo_7","primitives":[{"attributes":{"NORMAL":73,"POSITION":72,"TEXCOORD_0":74},"indices":75,"mode":4,"material":0}]},{"name":"Cubo_1_6","primitives":[{"attributes":{"NORMAL":77,"POSITION":76,"TEXCOORD_0":78},"indices":79,"mode":4,"material":0}]},{"name":"Cilindro_4","primitives":[{"attributes":{"NORMAL":81,"POSITION":80,"TEXCOORD_0":82},"indices":83,"mode":4,"material":0}]},{"name":"Cubo_3_3","primitives":[{"attributes":{"NORMAL":85,"POSITION":84,"TEXCOORD_0":86},"indices":87,"mode":4,"material":0}]},{"name":"Cubo_2_3","primitives":[{"attributes":{"NORMAL":89,"POSITION":88,"TEXCOORD_0":90},"indices":91,"mode":4,"material":0}]},{"name":"Cubo_1_8","primitives":[{"attributes":{"NORMAL":93,"POSITION":92,"TEXCOORD_0":94},"indices":95,"mode":4,"material":0}]},{"name":"Cubo_8","primitives":[{"attributes":{"NORMAL":97,"POSITION":96,"TEXCOORD_0":98},"indices":99,"mode":4,"material":0}]},{"name":"Cilindro_5","primitives":[{"attributes":{"NORMAL":101,"POSITION":100,"TEXCOORD_0":102},"indices":103,"mode":4,"material":0}]},{"name":"Cilindro_1","primitives":[{"attributes":{"NORMAL":105,"POSITION":104,"TEXCOORD_0":106},"indices":107,"mode":4,"material":0}]}],"nodes":[{"name":"Extrusión","mesh":0,"matrix":[1.0,0.0,0.0,0.0,0.0,1.0,0.0,0.0,0.0,0.0,1.0,0.0,-48.53099250026793,0.0,0.0,1.0],"extras":{"id":"46"}},{"name":"Cubo","mesh":1,"matrix":[0.8445684122181201,0.5354433175901566,0.0021565554501002876,0.0,-0.5342687920044938,0.8424350209205991,0.0697143702300233,0.0,0.03551133584395046,-0.06003073524917276,0.9975646624916208,0.0,-0.40559889784525257,0.4834700027430593,1.0029079480635555,1.0],"extras":{"id":"51"}},{"name":"Cubo_2","mesh":2,"matrix":[-1.0,-1.2246467991473533e-16,1.224646799147353e-16,0.0,-1.2246467991473535e-16,1.0,-1.2246467991473533e-16,0.0,-1.2246467991473528e-16,-1.2246467991473535e-16,-1.0,0.0,-1.466020629473835,-0.06668077479496183,-0.7880824482766862,1.0],"extras":{"id":"53"}},{"name":"Cubo_1","mesh":3,"matrix":[-1.0,1.2246467991473538e-16,1.2246467991473538e-16,0.0,1.2246467991473535e-16,1.0,-1.224646799147353e-16,0.0,-1.2246467991473538e-16,-1.224646799147353e-16,-1.0,0.0,-1.4660206294738346,-0.06668077479496183,-1.260722977955591,1.0],"extras":{"id":"54"}},{"name":"Cilindro","mesh":4,"matrix":[-1.0,1.2246467991473538e-16,1.2246467991473538e-16,0.0,1.2246467991473535e-16,1.0,-1.224646799147353e-16,0.0,-1.2246467991473538e-16,-1.224646799147353e-16,-1.0,0.0,-2.3894540065945089,-0.11087116394214182,-1.3470738384674348,1.0],"extras":{"id":"55"}},{"name":"Cubo_3","mesh":5,"matrix":[-1.0,1.2246467991473538e-16,1.2246467991473538e-16,0.0,1.2246467991473535e-16,1.0,-1.224646799147353e-16,0.0,-1.2246467991473538e-16,-1.224646799147353e-16,-1.0,0.0,-2.2887063238320537,-0.375037289211176,-1.3499647342220874,1.0],"extras":{"id":"56"}},{"name":"Cápsula","mesh":6,"matrix":[-1.0,1.2246467991473538e-16,1.2246467991473538e-16,0.0,1.2246467991473535e-16,1.0,-1.224646799147353e-16,0.0,-1.2246467991473538e-16,-1.224646799147353e-16,-1.0,0.0,-2.3983587005656838,-0.6717197449220572,-1.3487989782847024,1.0],"extras":{"id":"57"}},{"name":"Cubo_4","mesh":7,"matrix":[-0.936289491953366,1.1466239293959917e-16,-0.3512292517113388,0.0,1.6547785780225647e-16,1.0,-1.146623929395991e-16,0.0,0.3512292517113388,-1.6547785780225637e-16,-0.936289491953366,0.0,-3.443183052919533,-0.03941205878103652,-1.4875277397296234,1.0],"extras":{"id":"58"}},{"name":"Cubo_1_2","mesh":8,"matrix":[-0.9353649574035249,1.1454917011188275e-16,-0.3536840347845826,0.0,1.6577848202558136e-16,1.0,-1.1454917011188268e-16,0.0,0.3536840347845826,-1.6577848202558133e-16,-0.9353649574035249,0.0,-3.3659339895026809,-0.03941205878103652,-1.7240459107678539,1.0],"extras":{"id":"59"}},{"name":"Cilindro_2","mesh":9,"matrix":[-1.0,1.2246467991473538e-16,1.2246467991473538e-16,0.0,1.2246467991473535e-16,1.0,-1.224646799147353e-16,0.0,-1.2246467991473538e-16,-1.224646799147353e-16,-1.0,0.0,-2.3883374181456324,0.03878322839157988,-1.3469808932454544,1.0],"extras":{"id":"60"}},{"name":"Cubo_3_2","mesh":10,"matrix":[-0.9592713533999152,1.1747685924549558e-16,-0.28248623071982717,0.0,1.5705926574015905e-16,1.0,-1.174768592454955e-16,0.0,0.28248623071982717,-1.5705926574015902e-16,-0.9592713533999152,0.0,-2.59549573247519,0.1147700120289771,-0.6073819808357687,1.0],"extras":{"id":"62"}},{"name":"Cubo_2_2","mesh":11,"matrix":[0.7242759287226396,8.852120122894243e-17,-0.6895102458070929,0.0,-3.019789993178089e-16,1.0,-1.88822312283844e-16,0.0,0.6895102458070929,3.4497706964113967e-16,0.7242759287226396,0.0,-2.914886863064375,0.1147700120289771,-1.928458993262633,1.0],"extras":{"id":"63"}},{"name":"Cubo_1_4","mesh":12,"matrix":[0.23499542467727589,1.604654445059315e-17,0.9719964765269196,0.0,1.5550088760953477e-16,1.0,-5.410363395554205e-17,0.0,-0.9719964765269196,1.6386042129124285e-16,0.23499542467727589,0.0,-1.6111050446524678,0.1147700120289771,-1.5445213198828683,1.0],"extras":{"id":"65"}},{"name":"Cubo_5","mesh":13,"matrix":[1.0,0.0,0.0,0.0,0.0,1.0,0.0,0.0,0.0,0.0,1.0,0.0,1.3788233998418818,-0.06668077479496183,1.4911200781341503,1.0],"extras":{"id":"67"}},{"name":"Cubo_1_5","mesh":14,"matrix":[1.0,0.0,0.0,0.0,0.0,1.0,0.0,0.0,0.0,0.0,1.0,0.0,1.3788233998418818,-0.06668077479496183,1.9637606078130552,1.0],"extras":{"id":"68"}},{"name":"Cilindro_3","mesh":15,"matrix":[1.0,0.0,0.0,0.0,0.0,1.0,0.0,0.0,0.0,0.0,1.0,0.0,2.302256776962556,-0.11087116394214182,2.050111468324899,1.0],"extras":{"id":"69"}},{"name":"Cubo_6","mesh":16,"matrix":[1.0,0.0,0.0,0.0,0.0,1.0,0.0,0.0,0.0,0.0,1.0,0.0,2.201509094200101,-0.375037289211176,2.0530023640795518,1.0],"extras":{"id":"70"}},{"name":"Cápsula_2","mesh":17,"matrix":[1.0,0.0,0.0,0.0,0.0,1.0,0.0,0.0,0.0,0.0,1.0,0.0,2.3111614709337315,-0.6717197449220572,2.0518366081421668,1.0],"extras":{"id":"71"}},{"name":"Cubo_7","mesh":18,"matrix":[0.9362894919533663,0.0,0.351229251711339,0.0,0.0,1.0,0.0,0.0,-0.351229251711339,0.0,0.9362894919533663,0.0,3.3559858232875809,-0.03941205878103659,2.190565369587087,1.0],"extras":{"id":"72"}},{"name":"Cubo_1_6","mesh":19,"matrix":[0.9353649574035248,0.0,0.3536840347845829,0.0,0.0,1.0,0.0,0.0,-0.3536840347845829,0.0,0.9353649574035248,0.0,3.2787367598707286,-0.039412058781036599,2.427083540625318,1.0],"extras":{"id":"73"}},{"name":"Cilindro_4","mesh":20,"matrix":[1.0,0.0,0.0,0.0,0.0,1.0,0.0,0.0,0.0,0.0,1.0,0.0,2.30114018851368,0.03878322839157988,2.0500185231029186,1.0],"extras":{"id":"74"}},{"name":"Cubo_3_3","mesh":21,"matrix":[0.959271353399915,0.0,0.2824862307198272,0.0,0.0,1.0,0.0,0.0,-0.2824862307198272,0.0,0.959271353399915,0.0,2.508298502843238,0.1147700120289771,1.3104196106932329,1.0],"extras":{"id":"76"}},{"name":"Cubo_2_3","mesh":22,"matrix":[-0.7242759287226396,-6.123233995736761e-17,0.6895102458070929,0.0,-2.0191751079619169e-16,1.0,-1.2329280560638946e-16,0.0,-0.6895102458070929,-2.28522203787226e-16,-0.7242759287226396,0.0,2.827689633432423,0.1147700120289771,2.6314966231200977,1.0],"extras":{"id":"77"}},{"name":"Cubo_1_8","mesh":23,"matrix":[-0.23499542467727609,6.123233995736758e-17,-0.9719964765269199,0.0,2.3651209662161527e-16,1.0,5.815946360893608e-18,0.0,0.9719964765269199,-2.28522203787226e-16,-0.23499542467727609,0.0,1.5239078150205157,0.1147700120289771,2.2475589497403329,1.0],"extras":{"id":"79"}},{"name":"Cubo_8","mesh":24,"matrix":[1.0,0.0,0.0,0.0,0.0,1.0,0.0,0.0,0.0,0.0,1.0,0.0,4.102061657621504,2.9309887850104136e-16,-0.034183847146847769,1.0],"extras":{"id":"80"}},{"name":"Cilindro_5","mesh":25,"matrix":[1.0,0.0,0.0,0.0,0.0,1.0,0.0,0.0,0.0,0.0,1.0,0.0,0.0,0.0,0.7126099133361793,1.0],"extras":{"id":"81"}},{"name":"Cilindro_1","mesh":26,"matrix":[1.0,0.0,0.0,0.0,0.0,1.0,0.0,0.0,0.0,0.0,1.0,0.0,-0.001377926699091816,0.0,0.7126099133361793,1.0],"extras":{"id":"82"}},{"name":"Parrot_Bebop_Drone","children":[0,1,2,3,4,5,6,7,8,9,10,11,12,13,14,15,16,17,18,19,20,21,22,23,24,25,26]}],"scenes":[{"nodes":[27]}],"scene":0}